[7.97060818e-01 5.55198122e-01 3.39441362e-01 7.17102185e-01
 5.40468850e-01 2.80835782e-01 8.87910633e-01 6.86502200e-02
 8.19912567e-01 3.35185946e-01 6.40727286e-01 3.02589888e-01
 5.38745834e-01 6.43807188e-01 5.30275074e-01 4.53127591e-01
 1.66359903e-01 3.68378405e-01 1.12403203e-01 6.90934849e-01
 7.63006932e-01 4.54422194e-01 2.63108713e-01 3.29509807e-01
 2.01593835e-01 3.03170938e-01 9.16530387e-01 6.83299966e-01
 3.77062381e-01 6.92126343e-01 9.49767154e-01 2.31727218e-01
 2.53482187e-01 6.73112864e-01 5.89501008e-01 5.75055188e-01
 7.99688885e-01 4.57820830e-01 2.29151796e-01 3.00642771e-01
 2.69879941e-01 4.88330684e-01 3.25053554e-01 6.24788228e-01
 4.43276567e-01 1.84651763e-01 2.55690462e-01 6.90368064e-02
 4.67165613e-01 2.75529369e-01 5.05390398e-01 6.61626330e-01
 7.02606020e-01 9.07433845e-01 4.74443714e-01 6.21355381e-02
 6.29241582e-01 3.71315298e-01 8.86802236e-01 1.64883107e-01
 3.63394596e-01 3.28039171e-01 8.64583287e-01 1.14025438e-01
 9.34046186e-01 8.76301443e-01 9.99381618e-02 1.85740508e-01
 5.92452728e-01 1.78095785e-01 3.64199645e-02 2.04640953e-01
 2.14932000e-01 5.87612430e-01 5.71481874e-01 2.48830569e-01
 7.52829292e-01 6.74640003e-01 2.79746002e-01 8.42081163e-01
 1.95692181e-02 9.44433197e-01 4.72133320e-01 8.65802877e-01
 3.00514240e-01 1.03283400e-01 9.69065158e-01 6.15064354e-01
 8.46557148e-02 4.19674476e-01 9.04854599e-01 3.23633366e-01
 2.23600050e-01 4.32561442e-01 6.71323532e-01 9.17335079e-01
 6.50580672e-01 3.25541548e-01 7.08863895e-01 2.74686337e-01
 5.98501346e-01 7.89069612e-01 1.08762548e-01 2.19338572e-01
 5.36492834e-02 9.30011493e-01 5.20229683e-01 2.33347020e-01
 4.88881750e-01 3.90412149e-01 8.11058018e-01 6.53049198e-01
 6.68308596e-01 3.29863485e-01 6.70452789e-02 7.42458083e-01
 1.81138127e-01 1.47763466e-01 6.12357954e-01 7.83292498e-01
 3.99224068e-01 4.53308351e-01 9.21941541e-01 1.81104214e-02
 9.11670074e-01 4.46452649e-01 5.60057813e-01 9.41532632e-01
 1.41060202e-01 6.20566467e-01 7.45334536e-01 7.02573429e-01
 5.65580669e-01 7.70267144e-02 4.43103421e-02 5.71928753e-01
 7.27862868e-01 8.31974834e-01 6.69500385e-01 6.17151993e-01
 6.10477832e-01 8.00646878e-02 3.77655621e-01 6.03457500e-01
 6.97717125e-01 1.07088802e-01 3.20867602e-01 9.15602282e-01
 1.25141035e-01 5.09037840e-01 4.94672055e-01 9.50957153e-01
 9.42844739e-01 3.06165926e-01 9.43738392e-01 5.06574047e-01
 7.29939427e-01 2.83594798e-01 9.88335146e-01 2.80355642e-01
 5.27849939e-02 3.06698626e-01 9.43926439e-01 3.58540814e-01
 5.45620381e-01 2.24516208e-01 9.00066222e-01 1.99312884e-01
 3.89615649e-01 9.91506067e-01 4.18578812e-01 1.51311126e-01
 9.56981979e-01 9.95896338e-01 2.02346446e-01 2.05589213e-01
 3.10995290e-01 9.77392414e-01 2.60962604e-01 7.75049615e-01
 7.40322010e-01 6.31563747e-01 4.83149386e-01 3.50885426e-01
 1.92094757e-01 5.79456251e-01 4.24546202e-01 7.96983712e-01
 4.39661676e-01 7.08614283e-01 2.15549976e-02 6.15528707e-01
 4.45641079e-02 3.73394678e-01 1.07214241e-01 2.15974329e-01
 1.33760517e-01 4.11829260e-01 1.54761775e-02 3.39902050e-01
 9.09234446e-01 3.20372878e-01 8.22003473e-01 6.67831616e-01
 1.84265311e-01 3.55640252e-01 1.43325621e-01 6.01897200e-01
 8.96869175e-01 9.65912190e-01 9.49376165e-01 1.62792745e-01
 3.14418073e-01 7.63593071e-01 7.43128771e-01 2.69095988e-01
 1.48882455e-01 3.57631540e-01 4.02735226e-02 5.65255661e-01
 7.18387644e-02 8.89972659e-01 4.23028013e-01 9.17635821e-01
 1.23921230e-01 2.47906515e-01 9.96303112e-01 3.04183489e-01
 1.44268559e-01 3.36716609e-01 3.13662573e-02 9.75254205e-02
 7.57899059e-01 1.81331349e-01 5.97583158e-01 8.63805356e-01
 9.97935467e-01 3.53573917e-01 1.39895922e-01 3.66512774e-02
 7.11104400e-01 5.22173043e-01 6.57239075e-02 7.83768037e-01
 8.96882932e-01 4.91239741e-02 7.83534786e-01 2.13719577e-04
 9.18421806e-01 7.88563528e-01 9.01629406e-01 2.68078763e-01
 6.91005065e-01 4.23269191e-01 6.49108753e-01 5.19326205e-01
 4.80925780e-01 8.44112206e-01 4.12130699e-01 9.10205944e-01
 8.28113781e-01 6.66263308e-01 3.45659455e-01 9.82087107e-02
 5.34098491e-01 6.17962196e-01 3.75993763e-01 9.77093702e-01
 3.02276329e-01 7.61603471e-02 5.92340439e-01 7.13672568e-01
 1.94657463e-01 6.47894947e-01 3.72297717e-01 6.98504614e-02
 4.45568481e-01 5.82852086e-01 4.30528665e-01 3.21796010e-01
 3.24192661e-02 8.08037641e-01 4.22587210e-01 5.90844668e-01
 4.36894426e-01 4.70135926e-01 4.64009862e-01 7.41946205e-01
 4.21989556e-01 6.54194837e-01 5.59395628e-01 2.38749754e-01
 5.90489137e-01 1.77435680e-01 1.53414470e-01 6.68376062e-01
 9.82381546e-01 5.54761029e-01 9.29698582e-02 1.63732976e-01
 4.86317958e-01 8.09370664e-01 1.16428883e-01 2.23555881e-01
 6.47888062e-01 8.83274723e-02 2.87090182e-01 3.71985071e-01
 2.68074821e-01 1.35627085e-01 6.11332622e-01 4.19571433e-01
 7.32686617e-01 1.66979471e-01 3.71664779e-02 8.88084684e-01
 8.06830267e-01 2.34251559e-01 9.72385106e-01 6.62090836e-01
 2.79792190e-01 5.44116768e-01 1.22189217e-01 2.40463214e-01
 6.33052383e-01 6.70300505e-01 6.35172257e-01 3.93343221e-01
 7.14261402e-01 3.64768746e-01 1.40407810e-01 5.88636526e-01
 2.45883212e-01 4.18519492e-01 9.11236491e-01 2.55594968e-01
 3.29362045e-01 9.08484129e-01 7.55635654e-01 6.97117659e-01
 2.97550332e-01 1.74760705e-01 8.04976578e-01 8.60549440e-01
 3.50681931e-01 6.30570539e-01 3.55743269e-01 2.96777079e-01
 2.83675765e-01 8.78710340e-01 7.46475655e-01 2.90747346e-01
 1.32507909e-01 5.93932893e-01 7.77613077e-01 4.38770647e-01
 5.46039018e-01 4.59478887e-01 9.90417074e-01 2.36397912e-01
 6.07332108e-01 9.86486190e-01 5.21129553e-01 1.05515040e-01
 6.55830619e-01 9.67809151e-02 1.74079807e-01 1.47095539e-01
 2.26608550e-01 5.24157389e-01 7.53516625e-01 7.79982973e-01
 5.64856126e-02 5.89614339e-01 9.58821120e-01 9.66514109e-01
 6.02581216e-01 5.95780246e-01 4.96087452e-01 5.77054403e-01
 1.64549044e-01 8.41766300e-01 4.62475697e-01 8.89053129e-01
 2.53577032e-01 7.99035166e-01 7.79802733e-01 7.32667637e-01
 8.70674094e-01 6.73690966e-01 5.88206973e-01 5.20698018e-01
 3.80613095e-01 8.38480001e-01 2.78084366e-01 9.53536080e-01
 7.24231725e-01 3.53266055e-01 1.32842966e-02 4.82893040e-01
 5.54826148e-01 9.48095094e-02 8.78954251e-01 7.30628401e-01
 5.17129552e-01 1.63660442e-01 7.01405530e-02 3.57419439e-01
 4.60032689e-01 2.69213768e-01 8.91809692e-01 5.84986624e-01
 5.27377143e-01 7.41871228e-01 8.85601070e-01 4.07925649e-01
 5.60187083e-01 3.84347771e-01 3.14500600e-01 2.19121425e-01
 1.33361181e-02 2.56386403e-01 8.33300705e-01 1.32677352e-01
 3.82923293e-02 2.18496248e-02 5.75632244e-01 1.40371506e-01
 9.98112913e-01 5.28376428e-01 2.74556992e-02 1.35150165e-01
 7.23496702e-01 6.03152789e-01 6.36016441e-01 5.75366177e-01
 5.45831523e-01 6.54542156e-01 1.32634469e-01 4.57690811e-01
 8.04460163e-01 6.56128659e-03 2.13008926e-01 8.63762453e-01
 8.67413679e-01 6.51212081e-01 7.60489136e-01 7.87577516e-01
 1.12550650e-01 6.22464202e-01 5.88226051e-01 1.06960677e-01
 8.41872946e-01 8.32745889e-01 5.17519768e-01 8.96899891e-01
 8.14937336e-01 9.45451145e-01 1.72909017e-01 3.17869218e-01
 4.95108611e-01 3.31960690e-01 7.24468744e-01 6.26156943e-01
 3.39642497e-02 3.47322031e-01 2.49920930e-01 3.25649319e-01
 9.76702560e-01 1.98752751e-01 4.43203177e-01 6.61018688e-02
 6.26576695e-01 2.66832934e-01 6.31205519e-01 9.95107788e-02
 5.78664982e-01 5.24006472e-01 7.61704568e-01 3.37017200e-01
 8.55005345e-01 5.02599175e-01 8.04350943e-01 7.94382164e-01
 2.74950444e-01 6.14777504e-02 3.19970957e-01 6.27895166e-01
 4.34460398e-01 4.00356655e-01 1.84190657e-01 9.31200618e-01
 4.41366420e-01 5.71089817e-01 5.70825337e-01 1.19816473e-01
 2.77282050e-01 8.50262232e-02 8.36831998e-01 4.26483455e-01
 8.24303683e-01 7.45115546e-01 6.20423243e-01 1.37395150e-01
 5.62834122e-01 6.93910550e-01 9.75142903e-03 7.43912341e-02
 8.99479718e-01 6.27888097e-01 3.23914702e-01 8.63845117e-01
 9.23656232e-01 7.45832780e-01 3.32323220e-01 6.53552645e-01
 1.51481823e-01 8.48689521e-01 2.18281537e-02 2.28193657e-01
 8.40789276e-01 1.68990262e-02 4.60523299e-01 2.07152379e-01
 5.40316113e-01 3.26347205e-01 9.39820599e-01 4.67432022e-01
 2.88207114e-02 7.12953628e-01 8.14657761e-01 6.33721671e-01
 8.77403121e-01 6.14647071e-01 7.96613443e-01 8.54504636e-02
 6.12500715e-01 7.89609372e-01 1.02885259e-01 3.47447235e-01
 1.43776716e-01 5.45018898e-01 1.93486356e-01 6.79320395e-01
 3.25851291e-01 3.58008417e-01 3.49363047e-01 4.84365926e-01
 8.96913696e-01 5.89295077e-02 2.35738317e-01 7.16544681e-01
 1.45063483e-02 3.30096995e-01 5.34379792e-01 3.07271056e-02
 3.97777916e-01 6.82139592e-01 8.13714063e-01 5.98333532e-01
 8.01805716e-01 9.70726178e-01 2.74620746e-01 1.19945971e-01
 7.02054029e-01 7.02570415e-01 9.99296722e-01 2.16293191e-01
 7.93480711e-01 1.59331536e-01 9.87800057e-01 5.91302576e-01
 2.73388479e-01 6.44543932e-01 2.50133645e-01 7.41803480e-01
 9.04367294e-02 4.61811708e-01 4.39343688e-02 2.52249351e-01
 2.62281622e-01 6.08805953e-01 7.57413140e-01 5.62011590e-01
 2.68982098e-01 7.78072887e-01 5.21901590e-01 7.02545508e-01
 2.53252809e-01 7.60981015e-01 1.49775246e-01 6.72962114e-01
 3.63043812e-01 6.26332096e-01 3.36058997e-01 9.57532270e-01
 4.72735096e-01 6.55007459e-01 8.30093990e-01 7.49852192e-01
 3.55668260e-01 9.27454646e-01 3.20353775e-01 7.30959775e-01
 6.08791539e-01 8.52507249e-01 2.52703994e-01 9.37556929e-01
 7.29380423e-01 3.91623185e-01 8.27327929e-01 2.73057846e-01
 5.61547495e-01 9.09227000e-01 3.86063700e-01 6.71947769e-01
 1.16668418e-01 2.89178246e-01 3.67730970e-01 4.51983162e-01
 4.92277348e-01 7.25137684e-01 6.56921347e-01 7.38816319e-01
 9.07326216e-01 1.74220252e-01 4.69950429e-01 7.78789838e-01
 1.68466391e-01 9.68065306e-02 6.94106528e-01 4.74910740e-01
 4.17721825e-01 2.78428957e-01 6.20109707e-01 2.15377364e-03
 1.77381025e-01 8.14647421e-01 2.14342114e-01 3.50173322e-01
 1.04651202e-01 7.56218765e-01 4.62964042e-01 1.14003726e-01
 1.67526643e-01 4.81770849e-01 8.26709772e-01 4.36187905e-01
 6.46146044e-01 4.71148328e-01 7.95379169e-01 3.28786766e-01
 3.63153760e-01 3.97611703e-01 2.99452521e-01 3.50219637e-01
 3.13381304e-01 6.92520613e-01 4.23559035e-01 6.16971086e-01
 7.68684896e-02 7.03190488e-01 7.99779301e-01 5.97162931e-01
 3.51477039e-01 7.88639780e-01 8.94074096e-01 7.26168826e-01
 4.48204669e-01 1.39670154e-01 4.87605696e-01 8.02669731e-01
 5.98657031e-01 7.17371772e-01 3.27046858e-01 7.43309146e-01
 9.95734062e-01 8.16498868e-02 3.33636421e-02 4.43746657e-01
 9.64898816e-02 1.52936621e-01 4.81214636e-02 7.10349192e-01
 5.83744231e-02 4.46079439e-01 8.58901750e-01 4.69406164e-01
 3.34658822e-01 5.11290761e-01 7.25559118e-03 8.71928112e-01
 4.17472049e-01 7.48971720e-01 7.11443695e-01 1.76622739e-01
 7.29972213e-01 9.06389134e-01 7.83745430e-02 1.23809296e-01
 1.34536119e-02 5.64753168e-01 1.84489941e-01 9.29679557e-01
 5.06672353e-01 1.18977373e-01 1.17070552e-01 7.90578291e-01
 1.61599097e-01 8.14186707e-01 8.74954331e-01 2.65252604e-01
 5.63454651e-01 3.76894323e-01 8.67699556e-01 5.31948608e-01
 1.21937366e-01 4.78789651e-01 6.40798998e-02 2.04641793e-01
 5.24178047e-01 3.04301812e-01 5.75612450e-01 3.43890620e-01
 8.73804426e-01 2.33466046e-02 1.26593068e-01 3.05251838e-03
 3.83095820e-01 8.48879496e-01 3.37333229e-01 2.12110483e-01
 9.28857342e-01 2.68467981e-01 3.25008605e-01 5.22256420e-01
 9.26326683e-01 9.24449554e-02 9.93523394e-01 6.30308676e-01
 3.31686715e-01 1.13783443e-01 5.17590624e-01 9.30234649e-01
 8.31129708e-01 8.14163110e-01 5.80049713e-01 4.75545778e-01
 8.93153567e-01 8.60225962e-01 4.11315570e-01 4.16740281e-01
 1.68764941e-01 6.42105814e-01 6.36657734e-01 8.81588823e-01
 1.94504000e-01 2.44937683e-01 9.64636542e-01 2.67746557e-01
 1.25091463e-01 8.60320141e-02 8.25703210e-01 4.86400079e-01
 2.71408746e-02 8.10083085e-01 8.16432076e-01 8.04906432e-01
 5.68345439e-01 5.26400351e-01 4.52174393e-01 6.44879889e-01
 8.82795188e-01 1.52911016e-01 9.50492625e-01 4.43513156e-01
 8.54799039e-01 4.58803541e-01 3.40486807e-01 2.08129030e-01
 4.32953950e-01 7.86898379e-01 4.86471920e-01 8.36238828e-01
 8.23624016e-02 7.68368836e-01 5.35297084e-01 7.95593428e-01
 2.43576374e-01 4.37819504e-01 5.67163637e-01 5.95041795e-01
 6.77241174e-01 1.99030721e-01 2.25370140e-02 6.00958166e-01
 5.91869665e-01 6.81599762e-01 3.27800155e-01 3.23657525e-02
 9.37306506e-02 8.87918818e-01 2.69963571e-01 1.61711485e-01
 2.50489433e-01 4.95131469e-01 9.54020595e-01 6.43353049e-01
 2.11991073e-01 2.92216169e-01 6.93038598e-01 3.06436626e-01
 4.55349709e-01 7.23807562e-01 9.28373281e-01 2.89246895e-01
 6.21002548e-01 7.21855219e-01 4.11889181e-01 3.08669861e-01
 3.50533156e-01 5.56123423e-01 4.09436867e-01 1.36842213e-01
 7.64250294e-01 2.13882885e-01 6.57727246e-01 3.58850416e-01
 8.63363302e-01 6.31682223e-01 8.37278242e-01 3.46804638e-01
 7.79559789e-01 3.59816593e-01 6.33048032e-02 5.52647350e-01
 4.95877571e-01 5.68212849e-01 8.67606045e-01 9.03766153e-02
 1.69521438e-01 4.00670143e-01 4.18068046e-01 7.80293949e-01
 6.11291916e-01 1.60533619e-01 3.86836916e-01 1.16336671e-01
 8.96639043e-01 3.38594624e-01 1.81705612e-01 6.85124939e-02
 8.71029543e-02 4.17717534e-01 1.82180818e-01 6.00316708e-01
 2.89075294e-02 1.88832325e-01 5.99024910e-02 3.81925914e-01
 2.45966396e-01 8.75900755e-01 1.30922289e-01 3.00596301e-01
 9.33422987e-02 7.15810895e-01 8.59960039e-01 5.36954770e-01
 7.41746026e-01 8.98495266e-01 7.44230678e-01 9.98509157e-01
 7.51547533e-01 4.72674648e-01 9.80221367e-01 5.64237775e-01
 8.15419073e-01 4.49519680e-01 3.39507073e-01 7.65985584e-01
 5.76232187e-01 3.69463967e-01 7.50057731e-01 8.18286114e-01
 3.31869186e-01 1.42923053e-01 5.10438139e-02 3.13657453e-01
 5.53682659e-01 8.42769361e-02 2.29610043e-01 9.13439182e-01
 9.92200884e-02 7.86467919e-01 3.21324177e-01 2.66797567e-01
 9.54045220e-01 3.93208424e-01 6.05777054e-01 1.96034489e-01
 2.47867236e-01 4.08066005e-01 1.27695290e-01 9.36268707e-01
 9.43932478e-01 9.95900593e-01 8.46849773e-01 1.41087153e-01
 8.97218099e-01 8.20720784e-01 3.73996031e-02 5.47895750e-01
 8.65184712e-02 9.03299016e-01 4.36008384e-01 9.56090480e-01
 8.85654330e-01 3.43421856e-03 5.92153228e-01 9.68885138e-01
 5.88999155e-01 8.61006446e-02 6.40615239e-01 5.58184200e-01
 4.17673043e-01 7.99891002e-01 8.97607912e-02 9.11979650e-01
 6.29272528e-01 5.01135696e-01 5.28998010e-01 2.04892461e-01
 7.78281792e-03 2.90288579e-01 4.00027626e-01 8.54505557e-01
 9.68216196e-01 7.40970039e-01 1.25380383e-01 2.82286078e-01
 4.05808623e-01 2.09075334e-01 4.30092098e-01 4.75419982e-01
 3.17426907e-01 4.81393982e-01 1.05217633e-01 1.23837583e-01
 9.62005569e-01 1.94458287e-01 4.84781684e-01 8.49244604e-01
 3.29472136e-01 7.04866670e-01 1.44256267e-01 5.77867640e-01
 9.29385229e-01 8.79035119e-01 3.88246949e-01 9.90410560e-01
 5.76854654e-01 3.72086376e-01 3.24763105e-01 9.41404431e-01
 5.22363105e-01 4.81384607e-01 7.21428992e-01 1.57504490e-01
 1.26984243e-02 5.41757844e-01 6.92752527e-01 3.51419974e-01
 4.70403531e-01 3.29324394e-01 6.06344288e-01 5.90602733e-01
 5.57525516e-01 1.84827456e-02 3.78458585e-01 6.35564877e-02
 3.09621924e-01 6.11757606e-01 1.72860535e-01 4.13353180e-01
 2.26241913e-01 4.50350426e-02 9.39951405e-02 2.45624843e-01
 9.87624817e-01 9.64605106e-01 8.41389273e-01 4.23762651e-01
 5.56843380e-01 6.63536049e-01 7.09922530e-01 1.09021080e-01
 5.07064928e-01 1.30755956e-01 1.88655270e-01 8.65904299e-01]