[3.18232541e-01 5.82341449e-02 1.06396002e-01 1.50191210e-01
 8.85266509e-01 6.98169071e-01 2.80972559e-01 7.08349103e-01
 5.63042890e-02 6.38677017e-01 9.41884589e-01 4.95105931e-01
 3.15417794e-01 9.05001744e-01 8.36153874e-01 9.99357756e-01
 4.88371305e-01 1.96389143e-01 7.36861649e-01 6.40402418e-01
 2.36921236e-01 3.20217844e-01 9.39657773e-02 2.18256533e-01
 4.25215792e-01 9.69534595e-01 6.26145071e-01 3.08220282e-01
 5.02252995e-01 1.23641548e-01 1.88188023e-01 1.15122243e-01
 2.77992132e-01 8.40753772e-01 1.99010299e-01 9.35338442e-01
 3.55613156e-02 9.62240084e-01 2.08643523e-01 9.36176547e-01
 5.53389435e-02 3.13666585e-01 2.60157258e-01 9.61108346e-02
 7.84897487e-01 4.13287050e-01 7.10490921e-01 9.28853112e-01
 9.02401744e-01 3.79669359e-02 1.59799259e-01 9.63827841e-02
 9.38114611e-01 6.39716930e-01 8.49150035e-01 7.88437885e-01
 6.70492173e-01 9.12407313e-01 1.84434915e-01 1.18952771e-01
 3.95765495e-02 9.90635846e-01 9.84613832e-01 1.60096863e-01
 7.63909239e-01 1.56882468e-01 5.74266485e-01 6.49462988e-01
 1.80788294e-01 2.24179038e-01 4.61276324e-01 9.59328414e-02
 4.59189453e-01 8.80719562e-01 2.12559609e-01 9.06665919e-04
 9.27984867e-01 9.86667561e-01 4.90457206e-01 8.09579315e-01
 2.14513068e-01 1.04717726e-01 8.00605549e-01 2.53295807e-01
 4.27868246e-01 2.94469640e-01 3.34247439e-01 7.37111690e-01
 1.92752836e-01 2.28917122e-01 4.41861234e-01 5.97198791e-01
 6.66016971e-01 5.24547875e-01 2.62577220e-01 6.65633148e-01
 8.66246222e-01 4.53228287e-01 8.96056197e-01 2.96657311e-01
 7.31191067e-01 4.44631274e-01 7.37538726e-01 2.53073634e-01
 9.20448928e-01 3.91436512e-01 5.62639575e-01 8.12855916e-01
 4.47740100e-01 3.07402861e-01 9.13965893e-01 5.26443669e-01
 9.52751798e-01 9.69704375e-01 9.02754491e-01 6.45063632e-01
 3.96839550e-01 2.71085758e-01 2.71899008e-02 4.81350957e-01
 6.64599051e-01 4.17752683e-01 9.87536249e-01 4.14812714e-01
 7.67059698e-01 6.75180549e-01 1.79900851e-01 8.97877078e-01
 5.53665510e-02 6.87670243e-02 5.24324159e-01 6.00837328e-01
 5.77952038e-01 3.08124863e-01 6.84970229e-01 4.60111695e-01
 4.96010031e-01 7.71057204e-01 6.54138220e-01 3.30151815e-01
 1.21851759e-01 1.59346815e-01 3.68764276e-01 7.76867351e-01
 6.82856480e-01 4.31234696e-01 8.35759694e-01 3.72620313e-01
 9.89545360e-01 5.45657404e-01 6.16358011e-01 3.29894514e-02
 4.74647918e-01 2.66684608e-01 3.12160249e-01 1.61174459e-01
 1.86717860e-02 3.84682035e-01 7.37007926e-01 3.12998254e-01
 7.89134730e-02 7.49259499e-01 8.76332433e-01 9.12636897e-01
 6.84021688e-01 7.26009892e-01 1.79989931e-01 2.73734112e-01
 9.20188085e-01 7.26538768e-01 5.46248477e-01 2.88252710e-01
 1.58073927e-02 8.32525920e-01 1.04568382e-01 6.62563173e-01
 5.62276171e-02 7.63139524e-01 8.56878332e-02 6.98658532e-01
 7.01255255e-01 1.37791569e-01 5.65096693e-01 8.33883329e-01
 9.73532413e-01 9.50569408e-01 7.85809355e-01 5.95475611e-01
 4.25343141e-01 2.10331588e-01 4.23680950e-01 8.83844434e-01
 4.62820374e-01 7.54080053e-01 4.36153767e-01 1.79142283e-01
 5.09137891e-01 8.16155864e-01 2.60461438e-01 8.71241116e-01
 4.55920893e-01 9.92909046e-01 2.65186369e-02 9.99112065e-01
 3.03599598e-01 2.22451583e-01 4.60401754e-01 7.27909373e-01
 9.69269967e-01 4.32037098e-01 4.94536797e-01 7.23143186e-01
 4.50061555e-01 8.34633157e-01 8.13127836e-01 3.07591276e-01
 7.47033292e-01 4.50568263e-01 1.64453469e-01 5.36881124e-01
 4.57736679e-01 9.66577033e-01 1.42306527e-01 1.85390534e-01
 4.91872852e-01 1.55871395e-01 5.38523212e-01 2.54174304e-01
 5.06726265e-01 8.68833915e-01 8.71397491e-01 1.77993443e-01
 5.26034384e-01 9.07622627e-01 4.97517987e-01 5.41179775e-02
 3.18339023e-01 1.36090860e-01 1.96562890e-02 4.02279828e-01
 3.50359661e-01 1.46728823e-01 3.75563580e-01 6.99815355e-01
 7.80406959e-01 2.68056342e-01 1.68551500e-01 4.91825076e-01
 4.26260548e-01 1.20634291e-01 7.83644803e-02 8.63025764e-01
 3.99891598e-01 7.57731199e-01 9.01713893e-01 6.01841537e-01
 7.01387542e-01 1.69772613e-01 3.06494988e-03 3.24819886e-01
 6.00269170e-01 7.79666892e-01 3.29512358e-01 7.77262722e-01
 5.65870980e-01 5.72441118e-01 9.91381525e-01 4.99814969e-01
 1.56005964e-02 9.15221743e-01 5.12901143e-01 9.62299883e-01
 1.04710019e-01 8.97109905e-02 1.12364190e-01 7.57611461e-01
 8.22195725e-01 1.00287714e-01 6.61107820e-01 5.33405765e-01
 7.73605017e-01 7.36705164e-01 8.23508973e-01 2.86033638e-01
 2.45845120e-01 9.57955527e-01 4.18671227e-01 9.97871724e-01
 4.82009773e-01 9.66437015e-01 8.74333545e-01 4.42776586e-01
 7.29278340e-01 4.41733278e-01 4.30436045e-01 5.84164916e-01
 9.73416790e-01 1.82766967e-01 2.50918189e-01 5.22631043e-01
 2.72548850e-01 2.20432723e-02 2.55335304e-01 1.29075696e-01
 7.53721902e-01 3.64003715e-01 7.28838882e-01 6.19770945e-01
 2.47354898e-01 1.12353435e-01 7.45294649e-01 2.65855809e-02
 9.39932277e-01 1.28084349e-03 1.72565221e-01 1.49336935e-02
 8.20835567e-01 8.76928620e-01 4.75443406e-01 3.05309217e-01
 4.08669312e-01 3.53802068e-01 1.72539821e-01 6.69863037e-01
 4.45746970e-01 9.18748205e-01 9.96446717e-01 8.43029899e-01
 6.79776028e-01 8.03935092e-01 3.63370860e-01 8.09105503e-01
 4.24998250e-01 8.23786011e-01 4.28261384e-01 9.48445265e-02
 2.48705775e-01 9.33728005e-01 8.51257593e-01 8.47982831e-01
 4.91852323e-01 2.95998508e-01 3.82670339e-01 3.26643477e-01
 5.44047180e-01 4.28600675e-01 8.67196406e-01 8.45888365e-01
 4.53009762e-01 4.53062507e-01 1.39778252e-02 9.24809731e-01
 1.78436624e-01 6.99671269e-01 4.09383819e-02 1.66550280e-01
 3.40199149e-01 5.64418851e-01 2.37893296e-01 4.75693409e-01
 7.67567786e-01 1.28389783e-01 9.53848549e-01 5.12102368e-02
 4.16965585e-01 5.19476044e-03 6.06412553e-01 4.63349355e-01
 5.21151262e-01 3.92670159e-01 6.67810257e-01 1.08534941e-01
 1.86339511e-01 1.53166520e-03 6.68091980e-01 7.90186351e-01
 8.41347256e-01 4.32425511e-01 1.34604186e-01 4.06022956e-01
 6.94121246e-01 8.99670691e-01 6.81708590e-01 3.06307533e-02
 9.46338397e-01 1.78937780e-01 5.52017317e-01 2.98383503e-01
 9.07549484e-02 9.51295212e-01 9.98484568e-02 7.04005370e-01
 4.36169629e-01 4.82314309e-01 8.65764489e-01 4.12388486e-01
 8.24737129e-01 3.30717671e-01 5.29381912e-01 9.71781026e-02
 6.33592230e-01 8.52871947e-01 3.39102339e-01 3.43206131e-02
 8.32147192e-01 5.84179806e-01 4.84384739e-01 1.77102373e-01
 9.42417599e-01 1.82445041e-01 6.38755735e-01 6.13560279e-02
 1.27366241e-03 4.66274784e-01 3.05920648e-01 1.40659205e-01
 4.27764372e-01 7.26864228e-01 6.91198187e-02 2.80634737e-01
 6.89604664e-01 4.59369747e-01 8.81500582e-01 9.61242416e-01
 3.35808318e-01 3.93346502e-01 1.16267341e-01 4.54352550e-01
 6.52338702e-01 5.88763766e-01 3.34018676e-01 3.41583107e-01
 4.41048827e-01 6.49279499e-01 1.65165266e-01 9.71953474e-01
 5.63307019e-01 1.73935705e-01 6.73609248e-01 6.39716096e-01
 7.55847635e-01 2.47378505e-01 2.53401902e-01 9.85184723e-01
 9.62874004e-01 6.11228563e-01 1.25450636e-01 9.21909890e-01
 5.70478692e-01 7.64105292e-01 1.90125268e-01 7.09057286e-01
 3.67998650e-01 8.11552051e-01 8.97481865e-01 4.87133939e-01
 7.55679243e-01 9.10839098e-01 7.51795243e-01 5.38858842e-01
 1.64449088e-01 5.19335531e-01 7.45211964e-01 9.86339156e-01
 1.93287592e-01 2.35164487e-01 7.82116459e-01 5.97310367e-01
 3.91452474e-01 2.49351270e-01 2.25945544e-01 6.52401954e-01
 5.13357379e-01 4.64874652e-01 8.58683773e-01 9.23446393e-01
 5.99512112e-01 9.81200953e-01 5.34213901e-01 7.34107486e-01
 8.64605917e-01 9.60318243e-01 1.63991462e-01 8.99715473e-01
 8.09767519e-01 3.95018345e-01 5.83340559e-02 4.53058038e-01
 5.00658842e-01 8.88667429e-01 3.38085078e-01 7.85001046e-01
 7.18571110e-01 6.71336537e-01 7.84949004e-01 9.14823323e-01
 5.60279024e-01 3.08505605e-01 8.71442491e-02 7.81786767e-01
 3.97974034e-01 3.84272783e-01 8.05204821e-01 6.29963059e-01
 8.76760431e-01 9.24501989e-01 3.73770897e-01 7.47924136e-01
 8.42652397e-01 8.26245674e-01 6.59788914e-01 7.87014740e-01
 4.53849856e-01 9.47370313e-01 9.16835846e-01 3.74808737e-01
 7.27172446e-01 8.28200571e-01 2.04453181e-01 5.66084323e-01
 9.51961545e-01 8.56646994e-01 3.71544521e-01 6.90563867e-01
 2.71681705e-01 1.86231947e-01 8.02657817e-02 1.77656099e-01
 6.65576154e-02 4.53514857e-01 8.07393844e-02 1.99395591e-01
 3.40250185e-01 9.17060476e-01 9.75228565e-01 5.98812840e-01
 9.78345148e-01 8.48991603e-01 2.98224352e-01 3.37613926e-01
 7.62032510e-01 7.94162382e-01 5.97606871e-01 7.39256918e-03
 5.67354506e-01 1.25397495e-01 7.24161435e-01 6.53652702e-01
 2.79845129e-01 1.33925129e-01 3.20466907e-01 8.17898436e-01
 6.08616894e-01 7.21859809e-01 6.33861796e-01 4.69446304e-01
 8.04427319e-02 1.46974975e-01 9.25961566e-01 3.66671630e-01
 1.23864493e-01 7.29981862e-02 9.89013109e-01 8.76802100e-01
 7.06985280e-01 6.02986593e-01 2.38540080e-01 9.08030967e-01
 5.54981544e-01 1.91998800e-01 5.72439682e-01 1.75569853e-01
 7.41165994e-01 3.59087681e-01 8.70719780e-01 7.08684606e-01
 9.50527639e-01 9.49786454e-01 9.39701451e-01 5.72238677e-01
 9.44070821e-01 3.31329805e-01 7.66810597e-01 7.06726859e-01
 1.23592395e-01 1.79189441e-01 3.45029587e-01 9.02402073e-03
 9.51012894e-01 7.73890469e-01 4.39058335e-01 8.35944783e-01
 2.82909112e-01 3.61746409e-01 5.41100561e-01 7.34413756e-01
 5.90474001e-01 3.11210687e-01 8.20426924e-01 3.00695277e-01
 9.15138303e-01 8.33927143e-01 8.26170157e-01 8.97480143e-01
 3.08122806e-01 3.42205728e-01 6.02652961e-01 8.80284830e-01
 5.71107437e-01 8.69546991e-01 7.15042496e-01 4.05464971e-01
 7.52644196e-01 1.11261410e-01 7.31119535e-01 5.53458887e-01
 1.64277254e-01 1.39132777e-01 5.58496634e-02 9.22106348e-01
 9.14997386e-01 6.35540595e-01 9.74283616e-01 9.46422118e-02
 9.81275167e-01 6.98485164e-01 9.14018822e-01 2.20108585e-01
 3.45801344e-01 5.26942716e-01 6.15158654e-01 6.16170936e-01
 3.93844127e-01 8.79574718e-02 9.06485778e-01 3.23902042e-01
 4.04711165e-01 2.90027767e-01 7.03923332e-01 3.40658576e-02
 9.94420148e-01 8.56552972e-01 3.65268486e-01 9.81384063e-01
 4.87228469e-01 5.89816896e-01 5.43277279e-01 6.09020855e-01
 5.11400603e-01 5.43632671e-01 3.32514690e-01 6.17191379e-01
 5.32361054e-01 8.54305923e-01 1.83126180e-01 7.08785640e-01
 9.54973107e-01 7.22198838e-01 5.46849472e-01 8.46611189e-01
 3.14610118e-01 1.24906542e-01 7.96404090e-01 9.20021548e-01
 5.82876231e-01 8.51853142e-01 3.99569217e-01 7.21781129e-01
 9.76117539e-01 4.14003224e-01 5.06276698e-01 8.29830865e-01
 6.33479004e-01 9.59046822e-01 5.15528831e-01 1.45780124e-01
 6.87319828e-01 5.96435910e-01 4.39506342e-01 4.51652439e-01
 1.21973261e-01 1.65118355e-01 8.65719923e-01 1.19761548e-01
 3.38531447e-01 4.62489060e-01 8.96281808e-01 3.75235566e-02
 3.56407576e-01 3.97275359e-01 8.40047894e-01 1.83538337e-01
 1.86131709e-01 7.21687839e-01 9.34303867e-01 4.22619101e-02
 5.26817294e-01 2.72074582e-03 9.59070192e-01 5.89640832e-01
 2.64496908e-01 9.33777337e-01 8.42953512e-02 1.85288232e-01
 6.47827285e-01 4.42379683e-01 7.30609949e-01 1.81264595e-01
 5.81866250e-01 1.87585410e-01 4.03097469e-02 4.33838245e-01
 1.80075168e-01 6.90697237e-02 5.95813122e-01 9.82916329e-01
 5.64393777e-01 2.29814805e-01 4.70245647e-01 5.92455914e-02
 7.55360864e-01 7.38804154e-01 5.99596286e-01 2.82150692e-01
 5.19851722e-01 8.44839331e-01 7.95915903e-01 8.82084122e-02
 8.77096000e-01 8.41726497e-01 6.54508304e-01 4.01954621e-01
 8.74562271e-01 6.17931235e-01 5.60919495e-01 8.48410316e-01
 6.00614816e-01 7.96661400e-01 2.95908358e-02 2.43121203e-02
 9.54653689e-01 9.59635069e-01 5.49066962e-01 2.51131038e-01
 7.57615949e-01 4.58565462e-01 3.58509988e-01 9.02788161e-01
 5.31555914e-01 9.64733638e-01 7.26200570e-03 7.35748149e-01
 3.65360976e-01 6.79023384e-01 5.39566217e-02 6.79125448e-01
 1.74981683e-01 4.85024077e-01 6.40618747e-01 5.46649035e-01
 2.14749895e-01 5.86446958e-01 7.79632386e-01 3.67181602e-01
 9.85506222e-01 3.01032197e-01 4.85182071e-01 9.58625787e-01
 6.35752778e-01 6.66791339e-01 8.26279873e-01 5.15699013e-01
 5.98712792e-01 5.32325995e-01 3.11608133e-01 1.64762374e-01
 3.67602716e-01 6.72711480e-01 7.94576652e-01 9.34320716e-01
 4.20675126e-01 6.77829259e-01 9.45697309e-01 2.83387073e-01
 5.41997540e-01 4.10911497e-01 1.13323672e-01 2.87350074e-01
 6.03292038e-01 5.04482623e-01 9.18636425e-01 6.94891734e-01
 8.24605215e-01 6.85930383e-02 1.89486673e-01 7.92739124e-01
 7.47855618e-01 4.57110646e-01 1.69038191e-01 9.48833331e-01
 4.83619562e-01 7.01451719e-01 2.55366059e-01 3.28772930e-01
 4.25801208e-01 4.34153392e-01 4.60717587e-01 2.07809772e-01
 8.96710555e-01 4.12493290e-01 7.96643333e-01 3.16419460e-01
 6.68184796e-01 4.53922424e-01 1.11450779e-01 5.50579823e-01
 4.18476809e-01 6.85611313e-01 3.94432774e-01 6.17907572e-01
 5.62704722e-01 3.29026307e-01 9.48536164e-02 8.46360605e-01
 2.94778100e-01 3.17919820e-01 9.30348547e-01 7.95946139e-01
 8.32177744e-01 7.00310885e-01 6.32802097e-01 5.32552302e-01
 5.93718599e-02 2.00701226e-01 7.43676240e-02 1.52560405e-01
 3.02725169e-01 1.79476261e-01 2.09649624e-01 3.25585142e-01
 5.73552626e-01 2.53001361e-01 5.34243703e-01 9.12540368e-01
 5.06933953e-01 5.42836942e-01 4.41629675e-01 4.67124024e-01
 6.68737187e-01 4.37879826e-01 8.16959174e-01 1.21365909e-01
 9.94611517e-01 5.89451102e-01 1.30248265e-01 4.44266858e-01
 5.80033090e-01 6.35520962e-01 9.12972702e-01 4.02738304e-01
 8.52106766e-01 8.70157558e-01 7.45132370e-01 9.78741963e-01
 3.34836864e-01 2.88525609e-01 5.11110849e-01 8.73468676e-01
 1.33700160e-01 9.46473783e-01 2.90177124e-01 8.52655603e-01
 6.53728821e-01 8.25311215e-01 3.61032916e-01 4.31286241e-01
 5.86226262e-01 7.04020532e-02 3.89057058e-01 2.76408069e-01
 7.89567490e-01 3.01443314e-01 8.99700157e-01 4.77083364e-01
 9.75127185e-04 4.20273047e-01 1.58199836e-01 2.65177080e-01
 1.95424655e-01 1.86432487e-02 4.97446011e-01 9.37858092e-01
 9.89970587e-01 4.50221664e-01 7.66604537e-01 2.35045915e-01
 6.36434901e-01 8.32847486e-04 5.20068245e-01 5.18111257e-01
 3.08523654e-01 6.11727194e-01 3.05858657e-01 1.56543163e-01
 1.54273440e-02 7.06684784e-01 8.21535626e-01 9.50019396e-01
 7.39622452e-01 9.29337480e-01 9.08892434e-02 7.74817388e-01
 3.02409736e-01 2.35382945e-01 5.41625182e-01 1.25276697e-01
 7.34075175e-02 8.58549393e-01 2.00775012e-01 7.57564919e-01
 2.89414967e-01 8.13332269e-01 1.24502740e-01 8.83133445e-01
 6.37146154e-01 3.86273158e-01 4.65897349e-01 9.24920015e-01
 3.93461337e-01 4.57265912e-01 8.30912143e-01 2.70748850e-01
 2.57380009e-02 2.91424475e-01 6.00742335e-02 7.13806205e-02
 4.03429679e-01 6.96270529e-01 6.49860934e-02 7.95795460e-01
 8.05418865e-01 4.62584858e-01 8.38235075e-01 2.40547666e-01
 7.27533911e-01 1.66945220e-01 2.10120721e-01 1.12716075e-01
 8.46093030e-01 8.68261771e-01 8.63694194e-01 8.03542931e-01
 8.97817204e-01 5.37413010e-02 8.28131288e-02 8.27892121e-01
 1.41890364e-01 3.32280743e-01 9.23667161e-01 2.94363689e-01
 7.83204538e-01 3.25204641e-01 6.52472333e-01 3.50484729e-01
 9.18928311e-01 4.71659881e-01 9.76185483e-01 4.13333765e-01
 5.11032341e-01 3.49764800e-01 1.06736072e-01 6.37918313e-01
 3.53431266e-02 5.86302799e-01 8.83312758e-01 1.09026562e-01
 2.34235065e-01 5.61708824e-01 4.17171970e-01 4.94198930e-01
 6.02337728e-01 7.95117654e-01 2.33164674e-02 9.40318649e-01
 1.17929157e-01 2.71681624e-01 6.84950154e-01 8.09436075e-01
 8.72907810e-01 6.30818262e-01 1.82626394e-01 1.93787703e-01
 6.02022068e-02 1.00788797e-01 1.99240821e-01 1.59831647e-01
 1.60120197e-01 7.48704183e-01 1.96976276e-01 2.68316627e-01]